A:
[-1.000, -1.000,  1.000
  1.000,  3.000,  3.000
 -1.000, -1.000,  5.000
  1.000,  3.000,  7.000]

k: 0
----
w: <-3.000,1.000,-1.000,1.000>
v: <-0.866,0.289,-0.289,0.289>
vvt:
[ 0.750, -0.250,  0.250, -0.250
 -0.250,  0.083, -0.083,  0.083
  0.250, -0.083,  0.083, -0.083
 -0.250,  0.083, -0.083,  0.083]
H:
[-0.500,  0.500, -0.500,  0.500
  0.500,  0.833,  0.167, -0.167
 -0.500,  0.167,  0.833,  0.167
  0.500, -0.167,  0.167,  0.833]
reflector:
[-0.500,  0.500, -0.500,  0.500
  0.500,  0.833,  0.167, -0.167
 -0.500,  0.167,  0.833,  0.167
  0.500, -0.167,  0.167,  0.833]
reflector.A:
[ 2.000,  4.000,  2.000
  0.000,  1.333,  2.667
 -0.000,  0.667,  5.333
  0.000,  1.333,  6.667]
QQtilde:
[-0.500,  0.500, -0.500,  0.500
  0.500,  0.833,  0.167, -0.167
 -0.500,  0.167,  0.833,  0.167
  0.500, -0.167,  0.167,  0.833]

k: 1
----
w: <3.333,0.667,1.333>
v: <0.913,0.183,0.365>
vvt:
[ 0.833,  0.167,  0.333
  0.167,  0.033,  0.067
  0.333,  0.067,  0.133]
H:
[-0.667, -0.333, -0.667
 -0.333,  0.933, -0.133
 -0.667, -0.133,  0.733]
reflector:
[ 1.000,  0.000,  0.000,  0.000
  0.000, -0.667, -0.333, -0.667
  0.000, -0.333,  0.933, -0.133
  0.000, -0.667, -0.133,  0.733]
reflector.A:
[ 2.000,  4.000,  2.000
 -0.000, -2.000, -8.000
 -0.000,  0.000,  3.200
  0.000, -0.000,  2.400]
QQtilde:
[-0.500, -0.500, -0.700,  0.100
  0.500, -0.500, -0.100, -0.700
 -0.500, -0.500,  0.700, -0.100
  0.500, -0.500,  0.100,  0.700]

k: 2
----
w: <7.200,2.400>
v: <0.949,0.316>
vvt:
[ 0.900,  0.300
  0.300,  0.100]
H:
[-0.800, -0.600
 -0.600,  0.800]
reflector:
[ 1.000,  0.000,  0.000,  0.000
  0.000,  1.000,  0.000,  0.000
  0.000,  0.000, -0.800, -0.600
  0.000,  0.000, -0.600,  0.800]
reflector.A:
[ 2.000,  4.000,  2.000
 -0.000, -2.000, -8.000
  0.000, -0.000, -4.000
  0.000, -0.000, -0.000]
QQtilde:
[-0.500, -0.500,  0.500,  0.500
  0.500, -0.500,  0.500, -0.500
 -0.500, -0.500, -0.500, -0.500
  0.500, -0.500, -0.500,  0.500]

Q:
[-0.500, -0.500,  0.500
  0.500, -0.500,  0.500
 -0.500, -0.500, -0.500
  0.500, -0.500, -0.500]
R:
[ 2.000,  4.000,  2.000
 -0.000, -2.000, -8.000
  0.000, -0.000, -4.000]
QR:
[-1.000, -1.000,  1.000
  1.000,  3.000,  3.000
 -1.000, -1.000,  5.000
  1.000,  3.000,  7.000]
