A:
[ 2.920000,  0.860000, -1.150000
  0.860000,  6.510000,  3.320000
 -1.150000,  3.320000,  4.570000]
k: 0
----
A:
[ 3.893980,  0.051622, -0.542073
  0.051622,  8.916388,  0.802225
 -0.542073,  0.802225,  1.189634]
M:
[-0.897358,  0.044696, -0.439034
 -0.264290, -0.851147,  0.453541
  0.353411, -0.523021, -0.775596]
k: 1
----
A:
[ 3.989910, -0.007497, -0.141512
 -0.007497,  8.997707,  0.092890
 -0.141512,  0.092890,  1.012387]
M:
[ 0.827596, -0.005324,  0.561300
  0.335447,  0.806451, -0.486943
 -0.450068,  0.591278,  0.669201]
k: 2
----
A:
[ 3.996253, -0.020544, -0.035648
 -0.020544,  8.998704,  0.010273
 -0.035648,  0.010273,  1.005045]
M:
[-0.807189, -0.002264, -0.590289
 -0.350981, -0.802184,  0.483025
  0.474614, -0.597072, -0.646720]
k: 3
----
A:
[ 3.996995, -0.046356, -0.008962
 -0.046356,  8.998370,  0.001080
 -0.008962,  0.001080,  1.004634]
M:
[ 0.801869,  0.007056,  0.597458
  0.351147,  0.803462, -0.480776
 -0.483427,  0.595315,  0.641793]
k: 4
----
A:
[ 3.998767, -0.104343, -0.002252
 -0.104343,  8.996623,  0.000083
 -0.002252,  0.000083,  1.004609]
M:
[-0.800392, -0.016405, -0.599253
 -0.342883, -0.807440,  0.480075
  0.491736, -0.589721, -0.640644]
k: 5
----
A:
[ 4.007611, -0.234525, -0.000566
 -0.234525,  8.987781, -0.000012
 -0.000566, -0.000012,  1.004607]
M:
[ 0.799354,  0.037270,  0.599703
  0.321974,  0.816115, -0.479884
 -0.507312,  0.576686,  0.640365]
k: 6
----
A:
[ 4.051963, -0.523369, -0.000142
 -0.523369,  8.943428, -0.000013
 -0.000142, -0.000013,  1.004607]
M:
[-0.795727, -0.083897, -0.599817
 -0.273814, -0.833538,  0.479834
  0.540226, -0.546055, -0.640296]
k: 7
----
A:
[ 4.265212, -1.127628, -0.000035
 -1.127628,  8.730177, -0.000008
 -0.000035, -0.000008,  1.004607]
M:
[ 0.778403,  0.185133,  0.599845
  0.164799,  0.861750, -0.479822
 -0.605747,  0.472348,  0.640279]
k: 8
----
A:
[ 5.114194, -2.083614, -0.000008
 -2.083614,  7.881196, -0.000004
 -0.000008, -0.000004,  1.004607]
M:
[-0.705223, -0.377938, -0.599852
  0.060932, -0.875249,  0.479818
  0.706362, -0.301829, -0.640275]
k: 9
----
A:
[ 6.964207, -2.457212, -0.000001
 -2.457211,  6.031182, -0.000002
 -0.000001, -0.000002,  1.004607]
M:
[ 0.510500,  0.616088,  0.599854
 -0.386664,  0.787570, -0.479818
 -0.768037,  0.013005,  0.640274]
k: 10
----
A:
[ 8.402923, -1.620381, -0.000000
 -1.620380,  4.592468, -0.000001
 -0.000000, -0.000001,  1.004607]
M:
[-0.276422, -0.750843, -0.599854
  0.626681, -0.614041,  0.479817
  0.728603,  0.243285, -0.640273]
k: 11
----
A:
[ 8.868839, -0.795746,  0.000000
 -0.795745,  4.126554, -0.000000
 -0.000000, -0.000000,  1.004607]
M:
[ 0.129251,  0.789600,  0.599855
 -0.731611,  0.484273, -0.479817
 -0.669357, -0.376843,  0.640273]
k: 12
----
A:
[ 8.972622, -0.360938,  0.000000
 -0.360938,  4.022771, -0.000000
 -0.000000, -0.000000,  1.004607]
M:
[-0.058172, -0.797991, -0.599855
  0.771961, -0.416956,  0.479817
  0.633003,  0.435152, -0.640273]
k: 13
----
A:
[ 8.993616, -0.160978,  0.000000
 -0.160978,  4.001777, -0.000000
 -0.000000, -0.000000,  1.004607]
M:
[ 0.026050,  0.799685,  0.599855
 -0.788096,  0.385590, -0.479817
 -0.615001, -0.460244,  0.640273]
k: 14
----
A:
[ 8.997777, -0.071554,  0.000000
 -0.071554,  3.997614, -0.000000
 -0.000000, -0.000000,  1.004607]
M:
[-0.011735, -0.800023, -0.599855
  0.794871, -0.371425,  0.479817
  0.606666,  0.471176, -0.640273]
k: 15
----
A:
[ 8.998597, -0.031784,  0.000000
 -0.031784,  3.996793, -0.000000
 -0.000000, -0.000000,  1.004607]
M:
[ 0.005373,  0.800091,  0.599855
 -0.797799,  0.365092, -0.479817
 -0.602899, -0.475986,  0.640273]
k: 16
----
A:
[ 8.998760, -0.014117,  0.000000
 -0.014117,  3.996630, -0.000000
 -0.000000, -0.000000,  1.004607]
M:
[-0.002547, -0.800105, -0.599855
  0.799084, -0.362272,  0.479817
  0.601215,  0.478112, -0.640273]
k: 17
----
A:
[ 8.998793, -0.006270,  0.000000
 -0.006270,  3.996598, -0.000000
 -0.000000, -0.000000,  1.004607]
M:
[ 0.001291,  0.800108,  0.599855
 -0.799651,  0.361018, -0.479817
 -0.600464, -0.479055,  0.640273]
k: 18
----
A:
[ 8.998798, -0.002785,  0.000000
 -0.002784,  3.996592, -0.000000
 -0.000000, -0.000000,  1.004607]
M:
[-0.000734, -0.800108, -0.599855
  0.799902, -0.360460,  0.479817
  0.600130,  0.479473, -0.640273]
k: 19
----
A:
[ 8.998800, -0.001237,  0.000000
 -0.001237,  3.996591, -0.000000
 -0.000000, -0.000000,  1.004607]
M:
[ 0.000486,  0.800109,  0.599855
 -0.800014,  0.360213, -0.479817
 -0.599982, -0.479659,  0.640273]
k: 20
----
A:
[ 8.998800, -0.000550,  0.000000
 -0.000549,  3.996590, -0.000000
 -0.000000, -0.000000,  1.004607]
M:
[-0.000376, -0.800109, -0.599855
  0.800063, -0.360103,  0.479817
  0.599916,  0.479741, -0.640273]
k: 21
----
A:
[ 8.998800, -0.000244,  0.000000
 -0.000244,  3.996590, -0.000000
 -0.000000, -0.000000,  1.004607]
M:
[ 0.000328,  0.800109,  0.599855
 -0.800085,  0.360054, -0.479817
 -0.599886, -0.479778,  0.640273]
k: 22
----
A:
[ 8.998800, -0.000109,  0.000000
 -0.000108,  3.996590, -0.000000
 -0.000000, -0.000000,  1.004607]
M:
[-0.000306, -0.800109, -0.599855
  0.800095, -0.360032,  0.479817
  0.599873,  0.479794, -0.640273]
k: 23
----
A:
[ 8.998800, -0.000048,  0.000000
 -0.000048,  3.996590, -0.000000
 -0.000000, -0.000000,  1.004607]
M:
[ 0.000296,  0.800109,  0.599855
 -0.800099,  0.360023, -0.479817
 -0.599868, -0.479801,  0.640273]
k: 24
----
A:
[ 8.998800, -0.000022,  0.000000
 -0.000021,  3.996590, -0.000000
 -0.000000, -0.000000,  1.004607]
M:
[-0.000292, -0.800109, -0.599855
  0.800101, -0.360019,  0.479817
  0.599865,  0.479804, -0.640273]
k: 25
----
A:
[ 8.998800, -0.000010,  0.000000
 -0.000009,  3.996590, -0.000000
 -0.000000, -0.000000,  1.004607]
M:
[ 0.000290,  0.800109,  0.599855
 -0.800102,  0.360017, -0.479817
 -0.599864, -0.479806,  0.640273]
Eigen values: <8.999,3.997,1.005>
Eigen vector 1: <0.000,-0.800,-0.600>
Eigen vector 2: <0.800,0.360,-0.480>
Eigen vector 3: <0.600,-0.480,0.640>
